UNITS=MM
#Layer_Color=0
#
#Feature symbol names
#
$0 r127

#
#Feature attribute names
#

#
#Layer features
#
L 29.15000012 72.08499934 30.24999792 72.08499934 0 P 0
L 29.15000012 74.6249968 30.24999792 74.6249968 0 P 0
L 29.15000012 77.16499934 30.24999792 77.16499934 0 P 0
L 29.15000012 79.70499934 30.24999792 79.70499934 0 P 0
L 29.15000012 82.24499934 30.24999792 82.24499934 0 P 0
L 29.15000012 84.78500188 30.24999792 84.78500188 0 P 0
L 29.69999902 71.53500044 29.69999902 72.63499824 0 P 0
L 29.69999902 74.0749979 29.69999902 75.1749957 0 P 0
L 29.69999902 76.61500044 29.69999902 77.71499824 0 P 0
L 29.69999902 79.15500044 29.69999902 80.25499824 0 P 0
L 29.69999902 81.69500044 29.69999902 82.79499824 0 P 0
L 29.69999902 84.23500298 29.69999902 85.33500078 0 P 0
L 33.49999904 74.50000086 35.50000012 74.50000086 0 P 0
L 34.49999958 73.50000032 34.49999958 75.5000014 0 P 0
L 34.5472004 84.201 34.9471996 84.201 0 P 0
L 34.7472 84.0010004 34.7472 84.4009996 0 P 0
L 35.4108004 82.931 35.8107996 82.931 0 P 0
L 35.6108 82.7310004 35.6108 83.1309996 0 P 0
L 38.2810004 79.121 38.6809996 79.121 0 P 0
L 38.4080004 76.581 38.8079996 76.581 0 P 0
L 38.481 78.9210004 38.481 79.3209996 0 P 0
L 38.608 76.3810004 38.608 76.7809996 0 P 0
L 39.4975969 73.25000082 39.8975961 73.25000082 0 P 0
L 39.6975965 73.05000122 39.6975965 73.45000042 0 P 0
L 40.0590004 79.121 40.4589996 79.121 0 P 0
L 40.1860004 82.931 40.5859996 82.931 0 P 0
L 40.259 78.9210004 40.259 79.3209996 0 P 0
L 40.386 82.7310004 40.386 83.1309996 0 P 0
L 44.0722004 84.6328 44.4721996 84.6328 0 P 0
L 44.2722 84.4328004 44.2722 84.8327996 0 P 0
L 46.6630004 79.0956 47.0629996 79.0956 0 P 0
L 46.69999804 72.13000052 47.79999584 72.13000052 0 P 0
L 46.863 78.8956004 46.863 79.2955996 0 P 0
L 47.24999694 71.58000162 47.24999694 72.67999942 0 P 0
L 49.23999804 72.13000052 50.33999584 72.13000052 0 P 0
L 49.78999694 71.58000162 49.78999694 72.67999942 0 P 0
L 50.66359946 80.6196 52.66360054 80.6196 0 P 0
L 51.6636 79.61959946 51.6636 81.61960054 0 P 0
L 51.77999804 72.13000052 52.87999584 72.13000052 0 P 0
L 52.32999694 71.58000162 52.32999694 72.67999942 0 P 0
L 59.45000048 72.1699979 60.54999828 72.1699979 0 P 0
L 59.45000048 74.7099979 60.54999828 74.7099979 0 P 0
L 59.45000048 77.2499979 60.54999828 77.2499979 0 P 0
L 59.45000048 79.7899979 60.54999828 79.7899979 0 P 0
L 59.45000048 82.3299979 60.54999828 82.3299979 0 P 0
L 59.45000048 84.8699979 60.54999828 84.8699979 0 P 0
L 59.99999938 71.619999 59.99999938 72.7199968 0 P 0
L 59.99999938 74.159999 59.99999938 75.2599968 0 P 0
L 59.99999938 76.699999 59.99999938 77.7999968 0 P 0
L 59.99999938 79.239999 59.99999938 80.3399968 0 P 0
L 59.99999938 81.779999 59.99999938 82.8799968 0 P 0
L 59.99999938 84.319999 59.99999938 85.4199968 0 P 0
