UNITS=MM
#Layer_Color=0
#
#Feature symbol names
#
$0 r169.33164
$1 r127

#
#Feature attribute names
#

#
#Layer features
#
A 35.2552 84.201 35.2552 84.201 34.7472 84.201 0 P 0 N
A 36.1188 82.931 36.1188 82.931 35.6108 82.931 0 P 0 N
A 38.989 79.121 38.989 79.121 38.481 79.121 0 P 0 N
A 39.116 76.581 39.116 76.581 38.608 76.581 0 P 0 N
A 40.2055965 73.25000082 40.2055965 73.25000082 39.6975965 73.25000082 0 P 0 N
A 40.767 79.121 40.767 79.121 40.259 79.121 0 P 0 N
A 40.894 82.931 40.894 82.931 40.386 82.931 0 P 0 N
A 44.7802 84.6328 44.7802 84.6328 44.2722 84.6328 0 P 0 N
A 47.371 79.0956 47.371 79.0956 46.863 79.0956 0 P 0 N
L 29.19199902 71.57699934 29.19199902 71.83099934 1 P 0
L 29.19199902 71.57699934 29.44599902 71.57699934 1 P 0
L 29.19199902 71.83099934 29.44599902 72.08499934 1 P 0
L 29.19199902 72.33899934 29.19199902 72.59299934 1 P 0
L 29.19199902 72.33899934 29.44599902 72.08499934 1 P 0
L 29.19199902 72.59299934 29.44599902 72.59299934 1 P 0
L 29.19199902 74.1169968 29.19199902 74.3709968 1 P 0
L 29.19199902 74.1169968 29.44599902 74.1169968 1 P 0
L 29.19199902 74.3709968 29.44599902 74.6249968 1 P 0
L 29.19199902 74.8789968 29.19199902 75.1329968 1 P 0
L 29.19199902 74.8789968 29.44599902 74.6249968 1 P 0
L 29.19199902 75.1329968 29.44599902 75.1329968 1 P 0
L 29.19199902 76.65699934 29.19199902 76.91099934 1 P 0
L 29.19199902 76.65699934 29.44599902 76.65699934 1 P 0
L 29.19199902 76.91099934 29.44599902 77.16499934 1 P 0
L 29.19199902 77.41899934 29.19199902 77.67299934 1 P 0
L 29.19199902 77.41899934 29.44599902 77.16499934 1 P 0
L 29.19199902 77.67299934 29.44599902 77.67299934 1 P 0
L 29.19199902 79.19699934 29.19199902 79.45099934 1 P 0
L 29.19199902 79.19699934 29.44599902 79.19699934 1 P 0
L 29.19199902 79.45099934 29.44599902 79.70499934 1 P 0
L 29.19199902 79.95899934 29.19199902 80.21299934 1 P 0
L 29.19199902 79.95899934 29.44599902 79.70499934 1 P 0
L 29.19199902 80.21299934 29.44599902 80.21299934 1 P 0
L 29.19199902 81.73699934 29.19199902 81.99099934 1 P 0
L 29.19199902 81.73699934 29.44599902 81.73699934 1 P 0
L 29.19199902 81.99099934 29.44599902 82.24499934 1 P 0
L 29.19199902 82.49899934 29.19199902 82.75299934 1 P 0
L 29.19199902 82.49899934 29.44599902 82.24499934 1 P 0
L 29.19199902 82.75299934 29.44599902 82.75299934 1 P 0
L 29.19199902 84.27700188 29.19199902 84.53100188 1 P 0
L 29.19199902 84.27700188 29.44599902 84.27700188 1 P 0
L 29.19199902 84.53100188 29.44599902 84.78500188 1 P 0
L 29.19199902 85.03900188 29.19199902 85.29300188 1 P 0
L 29.19199902 85.03900188 29.44599902 84.78500188 1 P 0
L 29.19199902 85.29300188 29.44599902 85.29300188 1 P 0
L 29.44599902 71.57699934 29.69999902 71.83099934 1 P 0
L 29.44599902 72.59299934 29.69999902 72.33899934 1 P 0
L 29.44599902 74.1169968 29.69999902 74.3709968 1 P 0
L 29.44599902 75.1329968 29.69999902 74.8789968 1 P 0
L 29.44599902 76.65699934 29.69999902 76.91099934 1 P 0
L 29.44599902 77.67299934 29.69999902 77.41899934 1 P 0
L 29.44599902 79.19699934 29.69999902 79.45099934 1 P 0
L 29.44599902 80.21299934 29.69999902 79.95899934 1 P 0
L 29.44599902 81.73699934 29.69999902 81.99099934 1 P 0
L 29.44599902 82.75299934 29.69999902 82.49899934 1 P 0
L 29.44599902 84.27700188 29.69999902 84.53100188 1 P 0
L 29.44599902 85.29300188 29.69999902 85.03900188 1 P 0
L 29.69999902 71.83099934 29.95399902 71.57699934 1 P 0
L 29.69999902 72.33899934 29.95399902 72.59299934 1 P 0
L 29.69999902 74.3709968 29.95399902 74.1169968 1 P 0
L 29.69999902 74.8789968 29.95399902 75.1329968 1 P 0
L 29.69999902 76.91099934 29.95399902 76.65699934 1 P 0
L 29.69999902 77.41899934 29.95399902 77.67299934 1 P 0
L 29.69999902 79.45099934 29.95399902 79.19699934 1 P 0
L 29.69999902 79.95899934 29.95399902 80.21299934 1 P 0
L 29.69999902 81.99099934 29.95399902 81.73699934 1 P 0
L 29.69999902 82.49899934 29.95399902 82.75299934 1 P 0
L 29.69999902 84.53100188 29.95399902 84.27700188 1 P 0
L 29.69999902 85.03900188 29.95399902 85.29300188 1 P 0
L 29.95399902 71.57699934 30.20799902 71.57699934 1 P 0
L 29.95399902 72.08499934 30.20799902 71.83099934 1 P 0
L 29.95399902 72.08499934 30.20799902 72.33899934 1 P 0
L 29.95399902 72.59299934 30.20799902 72.59299934 1 P 0
L 29.95399902 74.1169968 30.20799902 74.1169968 1 P 0
L 29.95399902 74.6249968 30.20799902 74.3709968 1 P 0
L 29.95399902 74.6249968 30.20799902 74.8789968 1 P 0
L 29.95399902 75.1329968 30.20799902 75.1329968 1 P 0
L 29.95399902 76.65699934 30.20799902 76.65699934 1 P 0
L 29.95399902 77.16499934 30.20799902 76.91099934 1 P 0
L 29.95399902 77.16499934 30.20799902 77.41899934 1 P 0
L 29.95399902 77.67299934 30.20799902 77.67299934 1 P 0
L 29.95399902 79.19699934 30.20799902 79.19699934 1 P 0
L 29.95399902 79.70499934 30.20799902 79.45099934 1 P 0
L 29.95399902 79.70499934 30.20799902 79.95899934 1 P 0
L 29.95399902 80.21299934 30.20799902 80.21299934 1 P 0
L 29.95399902 81.73699934 30.20799902 81.73699934 1 P 0
L 29.95399902 82.24499934 30.20799902 81.99099934 1 P 0
L 29.95399902 82.24499934 30.20799902 82.49899934 1 P 0
L 29.95399902 82.75299934 30.20799902 82.75299934 1 P 0
L 29.95399902 84.27700188 30.20799902 84.27700188 1 P 0
L 29.95399902 84.78500188 30.20799902 84.53100188 1 P 0
L 29.95399902 84.78500188 30.20799902 85.03900188 1 P 0
L 29.95399902 85.29300188 30.20799902 85.29300188 1 P 0
L 30.20799902 71.57699934 30.20799902 71.83099934 1 P 0
L 30.20799902 72.33899934 30.20799902 72.59299934 1 P 0
L 30.20799902 74.1169968 30.20799902 74.3709968 1 P 0
L 30.20799902 74.8789968 30.20799902 75.1329968 1 P 0
L 30.20799902 76.65699934 30.20799902 76.91099934 1 P 0
L 30.20799902 77.41899934 30.20799902 77.67299934 1 P 0
L 30.20799902 79.19699934 30.20799902 79.45099934 1 P 0
L 30.20799902 79.95899934 30.20799902 80.21299934 1 P 0
L 30.20799902 81.73699934 30.20799902 81.99099934 1 P 0
L 30.20799902 82.49899934 30.20799902 82.75299934 1 P 0
L 30.20799902 84.27700188 30.20799902 84.53100188 1 P 0
L 30.20799902 85.03900188 30.20799902 85.29300188 1 P 0
L 33.99199958 74.50000086 34.49999958 73.99200086 1 P 0
L 33.99199958 74.50000086 34.49999958 75.00800086 1 P 0
L 34.49999958 73.99200086 35.00799958 74.50000086 1 P 0
L 34.49999958 75.00800086 35.00799958 74.50000086 1 P 0
L 46.74199694 71.62200052 46.74199694 71.87600052 1 P 0
L 46.74199694 71.62200052 46.99599694 71.62200052 1 P 0
L 46.74199694 71.87600052 46.99599694 72.13000052 1 P 0
L 46.74199694 72.38400052 46.74199694 72.63800052 1 P 0
L 46.74199694 72.38400052 46.99599694 72.13000052 1 P 0
L 46.74199694 72.63800052 46.99599694 72.63800052 1 P 0
L 46.99599694 71.62200052 47.24999694 71.87600052 1 P 0
L 46.99599694 72.63800052 47.24999694 72.38400052 1 P 0
L 47.24999694 71.87600052 47.50399694 71.62200052 1 P 0
L 47.24999694 72.38400052 47.50399694 72.63800052 1 P 0
L 47.50399694 71.62200052 47.75799694 71.62200052 1 P 0
L 47.50399694 72.13000052 47.75799694 71.87600052 1 P 0
L 47.50399694 72.13000052 47.75799694 72.38400052 1 P 0
L 47.50399694 72.63800052 47.75799694 72.63800052 1 P 0
L 47.75799694 71.62200052 47.75799694 71.87600052 1 P 0
L 47.75799694 72.38400052 47.75799694 72.63800052 1 P 0
L 49.28199694 71.62200052 49.28199694 71.87600052 1 P 0
L 49.28199694 71.62200052 49.53599694 71.62200052 1 P 0
L 49.28199694 71.87600052 49.53599694 72.13000052 1 P 0
L 49.28199694 72.38400052 49.28199694 72.63800052 1 P 0
L 49.28199694 72.38400052 49.53599694 72.13000052 1 P 0
L 49.28199694 72.63800052 49.53599694 72.63800052 1 P 0
L 49.53599694 71.62200052 49.78999694 71.87600052 1 P 0
L 49.53599694 72.63800052 49.78999694 72.38400052 1 P 0
L 49.78999694 71.87600052 50.04399694 71.62200052 1 P 0
L 49.78999694 72.38400052 50.04399694 72.63800052 1 P 0
L 50.04399694 71.62200052 50.29799694 71.62200052 1 P 0
L 50.04399694 72.13000052 50.29799694 71.87600052 1 P 0
L 50.04399694 72.13000052 50.29799694 72.38400052 1 P 0
L 50.04399694 72.63800052 50.29799694 72.63800052 1 P 0
L 50.29799694 71.62200052 50.29799694 71.87600052 1 P 0
L 50.29799694 72.38400052 50.29799694 72.63800052 1 P 0
L 51.1556 80.6196 51.6636 80.1116 1 P 0
L 51.1556 80.6196 51.6636 81.1276 1 P 0
L 51.6636 80.1116 52.1716 80.6196 1 P 0
L 51.6636 81.1276 52.1716 80.6196 1 P 0
L 51.82199694 71.62200052 51.82199694 71.87600052 1 P 0
L 51.82199694 71.62200052 52.07599694 71.62200052 1 P 0
L 51.82199694 71.87600052 52.07599694 72.13000052 1 P 0
L 51.82199694 72.38400052 51.82199694 72.63800052 1 P 0
L 51.82199694 72.38400052 52.07599694 72.13000052 1 P 0
L 51.82199694 72.63800052 52.07599694 72.63800052 1 P 0
L 52.07599694 71.62200052 52.32999694 71.87600052 1 P 0
L 52.07599694 72.63800052 52.32999694 72.38400052 1 P 0
L 52.32999694 71.87600052 52.58399694 71.62200052 1 P 0
L 52.32999694 72.38400052 52.58399694 72.63800052 1 P 0
L 52.58399694 71.62200052 52.83799694 71.62200052 1 P 0
L 52.58399694 72.13000052 52.83799694 71.87600052 1 P 0
L 52.58399694 72.13000052 52.83799694 72.38400052 1 P 0
L 52.58399694 72.63800052 52.83799694 72.63800052 1 P 0
L 52.83799694 71.62200052 52.83799694 71.87600052 1 P 0
L 52.83799694 72.38400052 52.83799694 72.63800052 1 P 0
L 59.49199938 71.6619979 59.49199938 71.9159979 1 P 0
L 59.49199938 71.6619979 59.74599938 71.6619979 1 P 0
L 59.49199938 71.9159979 59.74599938 72.1699979 1 P 0
L 59.49199938 72.4239979 59.49199938 72.6779979 1 P 0
L 59.49199938 72.4239979 59.74599938 72.1699979 1 P 0
L 59.49199938 72.6779979 59.74599938 72.6779979 1 P 0
L 59.49199938 74.2019979 59.49199938 74.4559979 1 P 0
L 59.49199938 74.2019979 59.74599938 74.2019979 1 P 0
L 59.49199938 74.4559979 59.74599938 74.7099979 1 P 0
L 59.49199938 74.9639979 59.49199938 75.2179979 1 P 0
L 59.49199938 74.9639979 59.74599938 74.7099979 1 P 0
L 59.49199938 75.2179979 59.74599938 75.2179979 1 P 0
L 59.49199938 76.7419979 59.49199938 76.9959979 1 P 0
L 59.49199938 76.7419979 59.74599938 76.7419979 1 P 0
L 59.49199938 76.9959979 59.74599938 77.2499979 1 P 0
L 59.49199938 77.5039979 59.49199938 77.7579979 1 P 0
L 59.49199938 77.5039979 59.74599938 77.2499979 1 P 0
L 59.49199938 77.7579979 59.74599938 77.7579979 1 P 0
L 59.49199938 79.2819979 59.49199938 79.5359979 1 P 0
L 59.49199938 79.2819979 59.74599938 79.2819979 1 P 0
L 59.49199938 79.5359979 59.74599938 79.7899979 1 P 0
L 59.49199938 80.0439979 59.49199938 80.2979979 1 P 0
L 59.49199938 80.0439979 59.74599938 79.7899979 1 P 0
L 59.49199938 80.2979979 59.74599938 80.2979979 1 P 0
L 59.49199938 81.8219979 59.49199938 82.0759979 1 P 0
L 59.49199938 81.8219979 59.74599938 81.8219979 1 P 0
L 59.49199938 82.0759979 59.74599938 82.3299979 1 P 0
L 59.49199938 82.5839979 59.49199938 82.8379979 1 P 0
L 59.49199938 82.5839979 59.74599938 82.3299979 1 P 0
L 59.49199938 82.8379979 59.74599938 82.8379979 1 P 0
L 59.49199938 84.3619979 59.49199938 84.6159979 1 P 0
L 59.49199938 84.3619979 59.74599938 84.3619979 1 P 0
L 59.49199938 84.6159979 59.74599938 84.8699979 1 P 0
L 59.49199938 85.1239979 59.49199938 85.3779979 1 P 0
L 59.49199938 85.1239979 59.74599938 84.8699979 1 P 0
L 59.49199938 85.3779979 59.74599938 85.3779979 1 P 0
L 59.74599938 71.6619979 59.99999938 71.9159979 1 P 0
L 59.74599938 72.6779979 59.99999938 72.4239979 1 P 0
L 59.74599938 74.2019979 59.99999938 74.4559979 1 P 0
L 59.74599938 75.2179979 59.99999938 74.9639979 1 P 0
L 59.74599938 76.7419979 59.99999938 76.9959979 1 P 0
L 59.74599938 77.7579979 59.99999938 77.5039979 1 P 0
L 59.74599938 79.2819979 59.99999938 79.5359979 1 P 0
L 59.74599938 80.2979979 59.99999938 80.0439979 1 P 0
L 59.74599938 81.8219979 59.99999938 82.0759979 1 P 0
L 59.74599938 82.8379979 59.99999938 82.5839979 1 P 0
L 59.74599938 84.3619979 59.99999938 84.6159979 1 P 0
L 59.74599938 85.3779979 59.99999938 85.1239979 1 P 0
L 59.99999938 71.9159979 60.25399938 71.6619979 1 P 0
L 59.99999938 72.4239979 60.25399938 72.6779979 1 P 0
L 59.99999938 74.4559979 60.25399938 74.2019979 1 P 0
L 59.99999938 74.9639979 60.25399938 75.2179979 1 P 0
L 59.99999938 76.9959979 60.25399938 76.7419979 1 P 0
L 59.99999938 77.5039979 60.25399938 77.7579979 1 P 0
L 59.99999938 79.5359979 60.25399938 79.2819979 1 P 0
L 59.99999938 80.0439979 60.25399938 80.2979979 1 P 0
L 59.99999938 82.0759979 60.25399938 81.8219979 1 P 0
L 59.99999938 82.5839979 60.25399938 82.8379979 1 P 0
L 59.99999938 84.6159979 60.25399938 84.3619979 1 P 0
L 59.99999938 85.1239979 60.25399938 85.3779979 1 P 0
L 60.25399938 71.6619979 60.50799938 71.6619979 1 P 0
L 60.25399938 72.1699979 60.50799938 71.9159979 1 P 0
L 60.25399938 72.1699979 60.50799938 72.4239979 1 P 0
L 60.25399938 72.6779979 60.50799938 72.6779979 1 P 0
L 60.25399938 74.2019979 60.50799938 74.2019979 1 P 0
L 60.25399938 74.7099979 60.50799938 74.4559979 1 P 0
L 60.25399938 74.7099979 60.50799938 74.9639979 1 P 0
L 60.25399938 75.2179979 60.50799938 75.2179979 1 P 0
L 60.25399938 76.7419979 60.50799938 76.7419979 1 P 0
L 60.25399938 77.2499979 60.50799938 76.9959979 1 P 0
L 60.25399938 77.2499979 60.50799938 77.5039979 1 P 0
L 60.25399938 77.7579979 60.50799938 77.7579979 1 P 0
L 60.25399938 79.2819979 60.50799938 79.2819979 1 P 0
L 60.25399938 79.7899979 60.50799938 79.5359979 1 P 0
L 60.25399938 79.7899979 60.50799938 80.0439979 1 P 0
L 60.25399938 80.2979979 60.50799938 80.2979979 1 P 0
L 60.25399938 81.8219979 60.50799938 81.8219979 1 P 0
L 60.25399938 82.3299979 60.50799938 82.0759979 1 P 0
L 60.25399938 82.3299979 60.50799938 82.5839979 1 P 0
L 60.25399938 82.8379979 60.50799938 82.8379979 1 P 0
L 60.25399938 84.3619979 60.50799938 84.3619979 1 P 0
L 60.25399938 84.8699979 60.50799938 84.6159979 1 P 0
L 60.25399938 84.8699979 60.50799938 85.1239979 1 P 0
L 60.25399938 85.3779979 60.50799938 85.3779979 1 P 0
L 60.50799938 71.6619979 60.50799938 71.9159979 1 P 0
L 60.50799938 72.4239979 60.50799938 72.6779979 1 P 0
L 60.50799938 74.2019979 60.50799938 74.4559979 1 P 0
L 60.50799938 74.9639979 60.50799938 75.2179979 1 P 0
L 60.50799938 76.7419979 60.50799938 76.9959979 1 P 0
L 60.50799938 77.5039979 60.50799938 77.7579979 1 P 0
L 60.50799938 79.2819979 60.50799938 79.5359979 1 P 0
L 60.50799938 80.0439979 60.50799938 80.2979979 1 P 0
L 60.50799938 81.8219979 60.50799938 82.0759979 1 P 0
L 60.50799938 82.5839979 60.50799938 82.8379979 1 P 0
L 60.50799938 84.3619979 60.50799938 84.6159979 1 P 0
L 60.50799938 85.1239979 60.50799938 85.3779979 1 P 0
